100 3.5562 1.032 71.1 2.00 9.34 2.54 0.786
150 2.3364 1.012 103.4 4.426 13.8 5.84 0.758
200 1.7458 1.007 132.5 7.590 18.1 10.3 0.737
250 1.3947 1.006 159.6 11.44 22.3 15.9 0.720
300 1.1614 1.007 184.6 15.89 26.3 22.5 0.707
350 0.9950 1.009 208.2 20.92 30.0 29.9 0.700
400 0.8711 1.014 230.1 26.41 33.8 38.3 0.690
450 0.7740 1.021 250.7 32.39 37.3 47.2 0.686
500 0.6964 1.030 270.1 38.79 40.7 56.7 0.684
550 0.6329 1.040 288.4 45.57 43.9 66.7 0.683
600 0.5804 1.051 305.8 52.69 46.9 76.9 0.685
650 0.5356 1.063 322.5 60.21 49.7 87.3 0.690
700 0.4975 1.075 338.8 68.10 52.4 98.0 0.695
750 0.4643 1.087 354.6 76.37 54.9 109 0.702
800 0.4354 1.099 369.8 84.93 57.3 120 0.709
850 0.4097 1.110 384.3 93.80 59.6 131 0.716
900 0.3868 1.121 398.1 102.9 62.0 143 0.720
950 0.3666 1.131 411.3 112.2 64.3 155 0.723
1000 0.3482 1.141 424.4 121.9 66.7 168 0.726
1100 0.3166 1.159 449.0 141.8 71.5 195 0.728
1200 0.2902 1.175 473.0 162.9 76.3 224 0.728
1300 0.2679 1.189 496.0 185.1 82 238 0.719
1400 0.2488 1.207 530 213 91 303 0.703
1500 0.2322 1.230 557 240 100 350 0.685
1600 0.2177 1.248 584 268 106 390 0.688
1700 0.2049 1.267 611 298 113 435 0.685
1800 0.1935 1.286 637 329 120 482 0.683
1900 0.1833 1.307 663 362 128 534 0.677
2000 0.1741 1.337 689 396 137 589 0.672
2100 0.1658 1.372 715 431 147 646 0.667
2200 0.1582 1.417 740 468 160 714 0.655
2300 0.1513 1.478 766 506 175 783 0.647
2400 0.1448 1.558 792 547 196 869 0.630
2500 0.1389 1.665 818 589 222 960 0.613
3000 0.1135 2.726 955 841 486 1570 0.536
300 0.6894 2.158 101.5 14.7 24.7 16.6 0.887
320 0.6448 2.170 109 16.9 27.2 19.4 0.870
340 0.6059 2.192 116.5 19.2 29.3 22.1 0.872
360 0.5716 2.221 124 21.7 31.6 24.9 0.872
380 0.5410 2.254 131 24.2 34.0 27.9 0.869
400 0.5136 2.287 138 26.9 37.0 31.5 0.853
420 0.4888 2.322 145 29.7 40.4 35.6 0.833
440 0.4664 2.357 152.5 32.7 43.5 39.6 0.826
460 0.4460 2.393 159 35.7 46.3 43.4 0.822
480 0.4273 2.430 166.5 39.0 49.2 47.4 0.822
500 0.4101 2.467 173 42.2 52.5 51.9 0.813
520 0.3942 2.504 180 45.7 54.5 55.2 0.827
540 0.3795 2.540 186.5 49.1 57.5 59.7 0.824
560 0.3708 2.577 193 52.0 60.6 63.4 0.827
580 0.3533 2.613 199.5 56.5 63.8 69.1 0.817
273 899.1 1.796 385 4280 147 0.910 47000 0.70
280 895.3 1.827 217 2430 144 0.880 27500 0.70
290 890.0 1.868 99.9 1120 145 0.872 12900 0.70
300 884.1 1.909 48.6 550 145 0.859 6400 0.70
310 877.9 1.951 25.3 288 145 0.847 3400 0.70
320 871.8 1.993 14.1 161 143 0.823 1965 0.70
330 865.8 2.035 8.36 96.6 141 0.800 1205 0.70
340 859.9 2.076 5.31 61.7 139 0.779 793 0.70
350 853.9 2.118 3.56 41.7 138 0.763 546 0.70
360 847.8 2.161 2.52 29.7 138 0.753 395 0.70
370 841.8 2.206 1.86 22.0 137 0.738 300 0.70
380 836.0 2.250 1.41 16.9 136 0.723 233 0.70
390 830.6 2.294 1.10 13.3 135 0.709 187 0.70
400 825.1 2.337 0.874 10.6 134 0.695 152 0.70
410 818.9 2.381 0.698 8.52 133 0.682 125 0.70
420 812.1 2.427 0.564 6.94 133 0.675 103 0.70
430 806.5 2.471 0.470 5.83 132 0.662 88 0.70



